run,n_generation,n_variation,n_format,structure,text_task,text_prompt,image_prompt,model_response,extracted_response,expected_response,match,node_font,node_color,edge_width,task_id,attempt,num_nodes,resolution
1,1,1,1,binary_tree,Provide a single-line python list representing the post-order traversal of the binary tree.,'Provide a single-line python list representing the pre-order traversal of the binary tree.',images/binary_tree/bit_run-7_gen-1_var-1_fmt-7_thk-05_clr-eeeeee_fnt-sansserif_res-512_idn-5b509c5b-83ee-4300-93a2-39c9f4ec87e1.png," [73, 66, 88, 23, 36, 57, 42, 22]","'73, 66, 88, 23, 36, 57, 42, 22'","[73, 66, 23, 88, 57, 22, 42, 36]",False,sans-serif,#abe0f9,0.5,edfb961a-41e9-4ffe-b5a6-d1a3a85be872,3,8,512
1,1,1,1,binary_tree,Provide a single-line python list representing the post-order traversal of the binary tree.,'Provide a single-line python list representing the pre-order traversal of the binary tree.',images/binary_tree/bit_run-7_gen-1_var-1_fmt-7_thk-05_clr-eeeeee_fnt-sansserif_res-512_idn-5b509c5b-83ee-4300-93a2-39c9f4ec87e1.png," [66, 23, 88, 57, 22, 42, 73, 36]","'66, 23, 88, 57, 22, 42, 73, 36'","[73, 66, 23, 88, 57, 22, 42, 36]",False,sans-serif,#abe0f9,0.5,edfb961a-41e9-4ffe-b5a6-d1a3a85be872,3,8,512
1,1,1,1,binary_tree,Provide a single-line python list representing the post-order traversal of the binary tree.,'Provide a single-line python list representing the pre-order traversal of the binary tree.',images/binary_tree/bit_run-7_gen-1_var-1_fmt-7_thk-05_clr-eeeeee_fnt-sansserif_res-512_idn-5b509c5b-83ee-4300-93a2-39c9f4ec87e1.png," [73, 66, 23, 88, 57, 22, 42, 36]","'73, 66, 23, 88, 57, 22, 42, 36'","[73, 66, 23, 88, 57, 22, 42, 36]",True,sans-serif,#abe0f9,0.5,edfb961a-41e9-4ffe-b5a6-d1a3a85be872,3,8,512
1,1,1,1,binary_tree,Provide a single-line python list representing the pre-order traversal of the binary tree.,'Provide a single-line python list representing the pre-order traversal of the binary tree.',images/binary_tree/bit_run-7_gen-1_var-1_fmt-7_thk-05_clr-eeeeee_fnt-sansserif_res-512_idn-5b509c5b-83ee-4300-93a2-39c9f4ec87e1.png," `[36, 88, 66, 73, 23, 42, 57, 22]`","'36, 88, 66, 73, 23, 42, 57, 22'","[36, 88, 66, 73, 23, 42, 57, 22]",True,sans-serif,#abe0f9,0.5,aada899c-75ee-42a5-bf2d-15c0a869a509,3,8,512
1,1,1,1,binary_tree,Provide a single-line python list representing the pre-order traversal of the binary tree.,'Provide a single-line python list representing the pre-order traversal of the binary tree.',images/binary_tree/bit_run-7_gen-1_var-1_fmt-7_thk-05_clr-eeeeee_fnt-sansserif_res-512_idn-5b509c5b-83ee-4300-93a2-39c9f4ec87e1.png," `[36, 88, 66, 73, 23, 42, 57, 22]`","'36, 88, 66, 73, 23, 42, 57, 22'","[36, 88, 66, 73, 23, 42, 57, 22]",True,sans-serif,#abe0f9,0.5,aada899c-75ee-42a5-bf2d-15c0a869a509,3,8,512
1,1,1,1,binary_tree,Provide a single-line python list representing the pre-order traversal of the binary tree.,'Provide a single-line python list representing the pre-order traversal of the binary tree.',images/binary_tree/bit_run-7_gen-1_var-1_fmt-7_thk-05_clr-eeeeee_fnt-sansserif_res-512_idn-5b509c5b-83ee-4300-93a2-39c9f4ec87e1.png," `[36, 88, 66, 73, 23, 42, 57, 22]`","'36, 88, 66, 73, 23, 42, 57, 22'","[36, 88, 66, 73, 23, 42, 57, 22]",True,sans-serif,#abe0f9,0.5,aada899c-75ee-42a5-bf2d-15c0a869a509,3,8,512
1,1,1,1,binary_tree,Provide a single-line python list representing the in-order traversal of the binary tree.,'Provide a single-line python list representing the pre-order traversal of the binary tree.',images/binary_tree/bit_run-7_gen-1_var-1_fmt-7_thk-05_clr-eeeeee_fnt-sansserif_res-512_idn-5b509c5b-83ee-4300-93a2-39c9f4ec87e1.png," [66, 73, 88, 23, 36, 57, 42, 22]","'66, 73, 88, 23, 36, 57, 42, 22'","[73, 66, 88, 23, 36, 57, 42, 22]",False,sans-serif,#abe0f9,0.5,288b38c0-5e5f-43f0-9a5e-2183a680e280,3,8,512
1,1,1,1,binary_tree,Provide a single-line python list representing the in-order traversal of the binary tree.,'Provide a single-line python list representing the pre-order traversal of the binary tree.',images/binary_tree/bit_run-7_gen-1_var-1_fmt-7_thk-05_clr-eeeeee_fnt-sansserif_res-512_idn-5b509c5b-83ee-4300-93a2-39c9f4ec87e1.png," [66, 73, 88, 23, 36, 57, 42, 22]","'66, 73, 88, 23, 36, 57, 42, 22'","[73, 66, 88, 23, 36, 57, 42, 22]",False,sans-serif,#abe0f9,0.5,288b38c0-5e5f-43f0-9a5e-2183a680e280,3,8,512
1,1,1,1,binary_tree,Provide a single-line python list representing the in-order traversal of the binary tree.,'Provide a single-line python list representing the pre-order traversal of the binary tree.',images/binary_tree/bit_run-7_gen-1_var-1_fmt-7_thk-05_clr-eeeeee_fnt-sansserif_res-512_idn-5b509c5b-83ee-4300-93a2-39c9f4ec87e1.png," [66, 73, 88, 23, 36, 57, 42, 22]","'66, 73, 88, 23, 36, 57, 42, 22'","[73, 66, 88, 23, 36, 57, 42, 22]",False,sans-serif,#abe0f9,0.5,288b38c0-5e5f-43f0-9a5e-2183a680e280,3,8,512
2,1,1,2,binary_tree,Provide a single-line python list representing the post-order traversal of the binary tree.,'Provide a single-line python list representing the pre-order traversal of the binary tree.',images/binary_tree/bit_run-7_gen-1_var-1_fmt-7_thk-05_clr-eeeeee_fnt-sansserif_res-512_idn-5b509c5b-83ee-4300-93a2-39c9f4ec87e1.png," [73, 66, 23, 88, 57, 22, 42, 6]","'73, 66, 23, 88, 57, 22, 42, 6'","[73, 66, 23, 88, 57, 22, 42, 36]",False,serif,#abe0f9,0.5,4a10bd94-c5d7-4e82-ae87-dcd2ffb08745,3,8,512
2,1,1,2,binary_tree,Provide a single-line python list representing the post-order traversal of the binary tree.,'Provide a single-line python list representing the pre-order traversal of the binary tree.',images/binary_tree/bit_run-7_gen-1_var-1_fmt-7_thk-05_clr-eeeeee_fnt-sansserif_res-512_idn-5b509c5b-83ee-4300-93a2-39c9f4ec87e1.png," [73, 66, 23, 88, 57, 22, 42, 36]","'73, 66, 23, 88, 57, 22, 42, 36'","[73, 66, 23, 88, 57, 22, 42, 36]",True,serif,#abe0f9,0.5,4a10bd94-c5d7-4e82-ae87-dcd2ffb08745,3,8,512
2,1,1,2,binary_tree,Provide a single-line python list representing the post-order traversal of the binary tree.,'Provide a single-line python list representing the pre-order traversal of the binary tree.',images/binary_tree/bit_run-7_gen-1_var-1_fmt-7_thk-05_clr-eeeeee_fnt-sansserif_res-512_idn-5b509c5b-83ee-4300-93a2-39c9f4ec87e1.png," [73, 66, 23, 88, 57, 22, 42, 36]","'73, 66, 23, 88, 57, 22, 42, 36'","[73, 66, 23, 88, 57, 22, 42, 36]",True,serif,#abe0f9,0.5,4a10bd94-c5d7-4e82-ae87-dcd2ffb08745,3,8,512
2,1,1,2,binary_tree,Provide a single-line python list representing the pre-order traversal of the binary tree.,'Provide a single-line python list representing the pre-order traversal of the binary tree.',images/binary_tree/bit_run-7_gen-1_var-1_fmt-7_thk-05_clr-eeeeee_fnt-sansserif_res-512_idn-5b509c5b-83ee-4300-93a2-39c9f4ec87e1.png," [3, 6, 88, 66, 73, 23, 42, 57, 22]","'3, 6, 88, 66, 73, 23, 42, 57, 22'","[36, 88, 66, 73, 23, 42, 57, 22]",False,serif,#abe0f9,0.5,b63ffb29-268a-44f9-97f0-2c93d63e16e7,3,8,512
2,1,1,2,binary_tree,Provide a single-line python list representing the pre-order traversal of the binary tree.,'Provide a single-line python list representing the pre-order traversal of the binary tree.',images/binary_tree/bit_run-7_gen-1_var-1_fmt-7_thk-05_clr-eeeeee_fnt-sansserif_res-512_idn-5b509c5b-83ee-4300-93a2-39c9f4ec87e1.png," `[3, 6, 88, 66, 73, 23, 42, 57, 22]`","'3, 6, 88, 66, 73, 23, 42, 57, 22'","[36, 88, 66, 73, 23, 42, 57, 22]",False,serif,#abe0f9,0.5,b63ffb29-268a-44f9-97f0-2c93d63e16e7,3,8,512
2,1,1,2,binary_tree,Provide a single-line python list representing the pre-order traversal of the binary tree.,'Provide a single-line python list representing the pre-order traversal of the binary tree.',images/binary_tree/bit_run-7_gen-1_var-1_fmt-7_thk-05_clr-eeeeee_fnt-sansserif_res-512_idn-5b509c5b-83ee-4300-93a2-39c9f4ec87e1.png," `[3, 6, 88, 66, 73, 23, 42, 57, 22]`","'3, 6, 88, 66, 73, 23, 42, 57, 22'","[36, 88, 66, 73, 23, 42, 57, 22]",False,serif,#abe0f9,0.5,b63ffb29-268a-44f9-97f0-2c93d63e16e7,3,8,512
2,1,1,2,binary_tree,Provide a single-line python list representing the in-order traversal of the binary tree.,'Provide a single-line python list representing the pre-order traversal of the binary tree.',images/binary_tree/bit_run-7_gen-1_var-1_fmt-7_thk-05_clr-eeeeee_fnt-sansserif_res-512_idn-5b509c5b-83ee-4300-93a2-39c9f4ec87e1.png," [66, 73, 88, 23, 6, 57, 42, 22]","'66, 73, 88, 23, 6, 57, 42, 22'","[73, 66, 88, 23, 36, 57, 42, 22]",False,serif,#abe0f9,0.5,5fa91751-9a0b-441f-b35e-c8645d863f3a,3,8,512
2,1,1,2,binary_tree,Provide a single-line python list representing the in-order traversal of the binary tree.,'Provide a single-line python list representing the pre-order traversal of the binary tree.',images/binary_tree/bit_run-7_gen-1_var-1_fmt-7_thk-05_clr-eeeeee_fnt-sansserif_res-512_idn-5b509c5b-83ee-4300-93a2-39c9f4ec87e1.png," [66, 73, 23, 88, 6, 57, 42, 22]","'66, 73, 23, 88, 6, 57, 42, 22'","[73, 66, 88, 23, 36, 57, 42, 22]",False,serif,#abe0f9,0.5,5fa91751-9a0b-441f-b35e-c8645d863f3a,3,8,512
2,1,1,2,binary_tree,Provide a single-line python list representing the in-order traversal of the binary tree.,'Provide a single-line python list representing the pre-order traversal of the binary tree.',images/binary_tree/bit_run-7_gen-1_var-1_fmt-7_thk-05_clr-eeeeee_fnt-sansserif_res-512_idn-5b509c5b-83ee-4300-93a2-39c9f4ec87e1.png," [66, 73, 23, 88, 6, 57, 42, 22]","'66, 73, 23, 88, 6, 57, 42, 22'","[73, 66, 88, 23, 36, 57, 42, 22]",False,serif,#abe0f9,0.5,5fa91751-9a0b-441f-b35e-c8645d863f3a,3,8,512
3,1,1,3,binary_tree,Provide a single-line python list representing the post-order traversal of the binary tree.,'Provide a single-line python list representing the pre-order traversal of the binary tree.',images/binary_tree/bit_run-7_gen-1_var-1_fmt-7_thk-05_clr-eeeeee_fnt-sansserif_res-512_idn-5b509c5b-83ee-4300-93a2-39c9f4ec87e1.png," [73, 66, 88, 23, 36, 57, 42, 22]","'73, 66, 88, 23, 36, 57, 42, 22'","[73, 66, 23, 88, 57, 22, 42, 36]",False,monospace,#abe0f9,0.5,0792d529-156a-4f5a-99c1-add388b2a8c8,3,8,512
3,1,1,3,binary_tree,Provide a single-line python list representing the post-order traversal of the binary tree.,'Provide a single-line python list representing the pre-order traversal of the binary tree.',images/binary_tree/bit_run-7_gen-1_var-1_fmt-7_thk-05_clr-eeeeee_fnt-sansserif_res-512_idn-5b509c5b-83ee-4300-93a2-39c9f4ec87e1.png," [73, 66, 23, 88, 57, 22, 42, 36]","'73, 66, 23, 88, 57, 22, 42, 36'","[73, 66, 23, 88, 57, 22, 42, 36]",True,monospace,#abe0f9,0.5,0792d529-156a-4f5a-99c1-add388b2a8c8,3,8,512
3,1,1,3,binary_tree,Provide a single-line python list representing the post-order traversal of the binary tree.,'Provide a single-line python list representing the pre-order traversal of the binary tree.',images/binary_tree/bit_run-7_gen-1_var-1_fmt-7_thk-05_clr-eeeeee_fnt-sansserif_res-512_idn-5b509c5b-83ee-4300-93a2-39c9f4ec87e1.png," [73, 66, 88, 23, 57, 22, 42, 36]","'73, 66, 88, 23, 57, 22, 42, 36'","[73, 66, 23, 88, 57, 22, 42, 36]",False,monospace,#abe0f9,0.5,0792d529-156a-4f5a-99c1-add388b2a8c8,3,8,512
3,1,1,3,binary_tree,Provide a single-line python list representing the pre-order traversal of the binary tree.,'Provide a single-line python list representing the pre-order traversal of the binary tree.',images/binary_tree/bit_run-7_gen-1_var-1_fmt-7_thk-05_clr-eeeeee_fnt-sansserif_res-512_idn-5b509c5b-83ee-4300-93a2-39c9f4ec87e1.png," `[36, 88, 66, 73, 23, 42, 57, 22]`","'36, 88, 66, 73, 23, 42, 57, 22'","[36, 88, 66, 73, 23, 42, 57, 22]",True,monospace,#abe0f9,0.5,c21ef348-11e5-4a4f-a924-7f654c7f695d,3,8,512
3,1,1,3,binary_tree,Provide a single-line python list representing the pre-order traversal of the binary tree.,'Provide a single-line python list representing the pre-order traversal of the binary tree.',images/binary_tree/bit_run-7_gen-1_var-1_fmt-7_thk-05_clr-eeeeee_fnt-sansserif_res-512_idn-5b509c5b-83ee-4300-93a2-39c9f4ec87e1.png," `[36, 88, 66, 73, 23, 42, 57, 22]`","'36, 88, 66, 73, 23, 42, 57, 22'","[36, 88, 66, 73, 23, 42, 57, 22]",True,monospace,#abe0f9,0.5,c21ef348-11e5-4a4f-a924-7f654c7f695d,3,8,512
3,1,1,3,binary_tree,Provide a single-line python list representing the pre-order traversal of the binary tree.,'Provide a single-line python list representing the pre-order traversal of the binary tree.',images/binary_tree/bit_run-7_gen-1_var-1_fmt-7_thk-05_clr-eeeeee_fnt-sansserif_res-512_idn-5b509c5b-83ee-4300-93a2-39c9f4ec87e1.png," `[36, 88, 66, 73, 23, 42, 57, 22]`","'36, 88, 66, 73, 23, 42, 57, 22'","[36, 88, 66, 73, 23, 42, 57, 22]",True,monospace,#abe0f9,0.5,c21ef348-11e5-4a4f-a924-7f654c7f695d,3,8,512
3,1,1,3,binary_tree,Provide a single-line python list representing the in-order traversal of the binary tree.,'Provide a single-line python list representing the pre-order traversal of the binary tree.',images/binary_tree/bit_run-7_gen-1_var-1_fmt-7_thk-05_clr-eeeeee_fnt-sansserif_res-512_idn-5b509c5b-83ee-4300-93a2-39c9f4ec87e1.png," [66, 73, 88, 23, 36, 57, 42, 22]","'66, 73, 88, 23, 36, 57, 42, 22'","[73, 66, 88, 23, 36, 57, 42, 22]",False,monospace,#abe0f9,0.5,5f07ec89-35c7-49a6-ba1a-972b07f8f820,3,8,512
3,1,1,3,binary_tree,Provide a single-line python list representing the in-order traversal of the binary tree.,'Provide a single-line python list representing the pre-order traversal of the binary tree.',images/binary_tree/bit_run-7_gen-1_var-1_fmt-7_thk-05_clr-eeeeee_fnt-sansserif_res-512_idn-5b509c5b-83ee-4300-93a2-39c9f4ec87e1.png," [66, 73, 88, 23, 36, 57, 42, 22]","'66, 73, 88, 23, 36, 57, 42, 22'","[73, 66, 88, 23, 36, 57, 42, 22]",False,monospace,#abe0f9,0.5,5f07ec89-35c7-49a6-ba1a-972b07f8f820,3,8,512
3,1,1,3,binary_tree,Provide a single-line python list representing the in-order traversal of the binary tree.,'Provide a single-line python list representing the pre-order traversal of the binary tree.',images/binary_tree/bit_run-7_gen-1_var-1_fmt-7_thk-05_clr-eeeeee_fnt-sansserif_res-512_idn-5b509c5b-83ee-4300-93a2-39c9f4ec87e1.png," [66, 73, 88, 23, 36, 57, 42, 22]","'66, 73, 88, 23, 36, 57, 42, 22'","[73, 66, 88, 23, 36, 57, 42, 22]",False,monospace,#abe0f9,0.5,5f07ec89-35c7-49a6-ba1a-972b07f8f820,3,8,512
4,1,1,4,binary_tree,Provide a single-line python list representing the post-order traversal of the binary tree.,'Provide a single-line python list representing the pre-order traversal of the binary tree.',images/binary_tree/bit_run-7_gen-1_var-1_fmt-7_thk-05_clr-eeeeee_fnt-sansserif_res-512_idn-5b509c5b-83ee-4300-93a2-39c9f4ec87e1.png," [73, 66, 23, 88, 57, 22, 42, 36]","'73, 66, 23, 88, 57, 22, 42, 36'","[73, 66, 23, 88, 57, 22, 42, 36]",True,sans-serif,#fee4b3,0.5,16ae118c-a79c-47da-a213-e928e6ddc281,3,8,512
4,1,1,4,binary_tree,Provide a single-line python list representing the post-order traversal of the binary tree.,'Provide a single-line python list representing the pre-order traversal of the binary tree.',images/binary_tree/bit_run-7_gen-1_var-1_fmt-7_thk-05_clr-eeeeee_fnt-sansserif_res-512_idn-5b509c5b-83ee-4300-93a2-39c9f4ec87e1.png," `[66, 73, 23, 88, 57, 22, 42, 36]`","'66, 73, 23, 88, 57, 22, 42, 36'","[73, 66, 23, 88, 57, 22, 42, 36]",False,sans-serif,#fee4b3,0.5,16ae118c-a79c-47da-a213-e928e6ddc281,3,8,512
4,1,1,4,binary_tree,Provide a single-line python list representing the post-order traversal of the binary tree.,'Provide a single-line python list representing the pre-order traversal of the binary tree.',images/binary_tree/bit_run-7_gen-1_var-1_fmt-7_thk-05_clr-eeeeee_fnt-sansserif_res-512_idn-5b509c5b-83ee-4300-93a2-39c9f4ec87e1.png," [73, 66, 88, 23, 36, 57, 42, 22]","'73, 66, 88, 23, 36, 57, 42, 22'","[73, 66, 23, 88, 57, 22, 42, 36]",False,sans-serif,#fee4b3,0.5,16ae118c-a79c-47da-a213-e928e6ddc281,3,8,512
4,1,1,4,binary_tree,Provide a single-line python list representing the pre-order traversal of the binary tree.,'Provide a single-line python list representing the pre-order traversal of the binary tree.',images/binary_tree/bit_run-7_gen-1_var-1_fmt-7_thk-05_clr-eeeeee_fnt-sansserif_res-512_idn-5b509c5b-83ee-4300-93a2-39c9f4ec87e1.png," [36, 88, 66, 73, 23, 42, 57, 22]","'36, 88, 66, 73, 23, 42, 57, 22'","[36, 88, 66, 73, 23, 42, 57, 22]",True,sans-serif,#fee4b3,0.5,a23f4924-d19c-4482-8625-cd1db64dda14,3,8,512
4,1,1,4,binary_tree,Provide a single-line python list representing the pre-order traversal of the binary tree.,'Provide a single-line python list representing the pre-order traversal of the binary tree.',images/binary_tree/bit_run-7_gen-1_var-1_fmt-7_thk-05_clr-eeeeee_fnt-sansserif_res-512_idn-5b509c5b-83ee-4300-93a2-39c9f4ec87e1.png," `[36, 88, 66, 73, 23, 42, 57, 22]`","'36, 88, 66, 73, 23, 42, 57, 22'","[36, 88, 66, 73, 23, 42, 57, 22]",True,sans-serif,#fee4b3,0.5,a23f4924-d19c-4482-8625-cd1db64dda14,3,8,512
4,1,1,4,binary_tree,Provide a single-line python list representing the pre-order traversal of the binary tree.,'Provide a single-line python list representing the pre-order traversal of the binary tree.',images/binary_tree/bit_run-7_gen-1_var-1_fmt-7_thk-05_clr-eeeeee_fnt-sansserif_res-512_idn-5b509c5b-83ee-4300-93a2-39c9f4ec87e1.png," `[36, 88, 66, 73, 23, 42, 57, 22]`","'36, 88, 66, 73, 23, 42, 57, 22'","[36, 88, 66, 73, 23, 42, 57, 22]",True,sans-serif,#fee4b3,0.5,a23f4924-d19c-4482-8625-cd1db64dda14,3,8,512
4,1,1,4,binary_tree,Provide a single-line python list representing the in-order traversal of the binary tree.,'Provide a single-line python list representing the pre-order traversal of the binary tree.',images/binary_tree/bit_run-7_gen-1_var-1_fmt-7_thk-05_clr-eeeeee_fnt-sansserif_res-512_idn-5b509c5b-83ee-4300-93a2-39c9f4ec87e1.png," [66, 73, 88, 23, 36, 57, 42, 22]","'66, 73, 88, 23, 36, 57, 42, 22'","[73, 66, 88, 23, 36, 57, 42, 22]",False,sans-serif,#fee4b3,0.5,ba4f2fd8-3d2e-4822-aa2e-284a1d67b5c3,3,8,512
4,1,1,4,binary_tree,Provide a single-line python list representing the in-order traversal of the binary tree.,'Provide a single-line python list representing the pre-order traversal of the binary tree.',images/binary_tree/bit_run-7_gen-1_var-1_fmt-7_thk-05_clr-eeeeee_fnt-sansserif_res-512_idn-5b509c5b-83ee-4300-93a2-39c9f4ec87e1.png," [66, 73, 88, 23, 36, 57, 42, 22]","'66, 73, 88, 23, 36, 57, 42, 22'","[73, 66, 88, 23, 36, 57, 42, 22]",False,sans-serif,#fee4b3,0.5,ba4f2fd8-3d2e-4822-aa2e-284a1d67b5c3,3,8,512
4,1,1,4,binary_tree,Provide a single-line python list representing the in-order traversal of the binary tree.,'Provide a single-line python list representing the pre-order traversal of the binary tree.',images/binary_tree/bit_run-7_gen-1_var-1_fmt-7_thk-05_clr-eeeeee_fnt-sansserif_res-512_idn-5b509c5b-83ee-4300-93a2-39c9f4ec87e1.png," [66, 73, 88, 23, 36, 57, 42, 22]","'66, 73, 88, 23, 36, 57, 42, 22'","[73, 66, 88, 23, 36, 57, 42, 22]",False,sans-serif,#fee4b3,0.5,ba4f2fd8-3d2e-4822-aa2e-284a1d67b5c3,3,8,512
5,1,1,5,binary_tree,Provide a single-line python list representing the post-order traversal of the binary tree.,'Provide a single-line python list representing the pre-order traversal of the binary tree.',images/binary_tree/bit_run-7_gen-1_var-1_fmt-7_thk-05_clr-eeeeee_fnt-sansserif_res-512_idn-5b509c5b-83ee-4300-93a2-39c9f4ec87e1.png," [73, 66, 88, 23, 36, 57, 42, 22]","'73, 66, 88, 23, 36, 57, 42, 22'","[73, 66, 23, 88, 57, 22, 42, 36]",False,serif,#fee4b3,0.5,5c9a78a8-8876-4a31-8d7a-8af777816706,3,8,512
5,1,1,5,binary_tree,Provide a single-line python list representing the post-order traversal of the binary tree.,'Provide a single-line python list representing the pre-order traversal of the binary tree.',images/binary_tree/bit_run-7_gen-1_var-1_fmt-7_thk-05_clr-eeeeee_fnt-sansserif_res-512_idn-5b509c5b-83ee-4300-93a2-39c9f4ec87e1.png," [73, 66, 88, 23, 36, 57, 42, 22]","'73, 66, 88, 23, 36, 57, 42, 22'","[73, 66, 23, 88, 57, 22, 42, 36]",False,serif,#fee4b3,0.5,5c9a78a8-8876-4a31-8d7a-8af777816706,3,8,512
5,1,1,5,binary_tree,Provide a single-line python list representing the post-order traversal of the binary tree.,'Provide a single-line python list representing the pre-order traversal of the binary tree.',images/binary_tree/bit_run-7_gen-1_var-1_fmt-7_thk-05_clr-eeeeee_fnt-sansserif_res-512_idn-5b509c5b-83ee-4300-93a2-39c9f4ec87e1.png," `[73, 66, 23, 88, 57, 22, 42, 36]`","'73, 66, 23, 88, 57, 22, 42, 36'","[73, 66, 23, 88, 57, 22, 42, 36]",True,serif,#fee4b3,0.5,5c9a78a8-8876-4a31-8d7a-8af777816706,3,8,512
5,1,1,5,binary_tree,Provide a single-line python list representing the pre-order traversal of the binary tree.,'Provide a single-line python list representing the pre-order traversal of the binary tree.',images/binary_tree/bit_run-7_gen-1_var-1_fmt-7_thk-05_clr-eeeeee_fnt-sansserif_res-512_idn-5b509c5b-83ee-4300-93a2-39c9f4ec87e1.png," `[36, 88, 66, 73, 23, 42, 57, 22]`","'36, 88, 66, 73, 23, 42, 57, 22'","[36, 88, 66, 73, 23, 42, 57, 22]",True,serif,#fee4b3,0.5,1b1d1a79-8c50-4b50-91eb-0ea592c65d26,3,8,512
5,1,1,5,binary_tree,Provide a single-line python list representing the pre-order traversal of the binary tree.,'Provide a single-line python list representing the pre-order traversal of the binary tree.',images/binary_tree/bit_run-7_gen-1_var-1_fmt-7_thk-05_clr-eeeeee_fnt-sansserif_res-512_idn-5b509c5b-83ee-4300-93a2-39c9f4ec87e1.png," `[36, 88, 66, 73, 23, 42, 57, 22]`","'36, 88, 66, 73, 23, 42, 57, 22'","[36, 88, 66, 73, 23, 42, 57, 22]",True,serif,#fee4b3,0.5,1b1d1a79-8c50-4b50-91eb-0ea592c65d26,3,8,512
5,1,1,5,binary_tree,Provide a single-line python list representing the pre-order traversal of the binary tree.,'Provide a single-line python list representing the pre-order traversal of the binary tree.',images/binary_tree/bit_run-7_gen-1_var-1_fmt-7_thk-05_clr-eeeeee_fnt-sansserif_res-512_idn-5b509c5b-83ee-4300-93a2-39c9f4ec87e1.png," `[36, 88, 66, 73, 23, 42, 57, 22]`","'36, 88, 66, 73, 23, 42, 57, 22'","[36, 88, 66, 73, 23, 42, 57, 22]",True,serif,#fee4b3,0.5,1b1d1a79-8c50-4b50-91eb-0ea592c65d26,3,8,512
5,1,1,5,binary_tree,Provide a single-line python list representing the in-order traversal of the binary tree.,'Provide a single-line python list representing the pre-order traversal of the binary tree.',images/binary_tree/bit_run-7_gen-1_var-1_fmt-7_thk-05_clr-eeeeee_fnt-sansserif_res-512_idn-5b509c5b-83ee-4300-93a2-39c9f4ec87e1.png," [66, 73, 88, 23, 36, 57, 42, 22]","'66, 73, 88, 23, 36, 57, 42, 22'","[73, 66, 88, 23, 36, 57, 42, 22]",False,serif,#fee4b3,0.5,ecdda712-753e-41fe-85f9-7a403e33eb0d,3,8,512
5,1,1,5,binary_tree,Provide a single-line python list representing the in-order traversal of the binary tree.,'Provide a single-line python list representing the pre-order traversal of the binary tree.',images/binary_tree/bit_run-7_gen-1_var-1_fmt-7_thk-05_clr-eeeeee_fnt-sansserif_res-512_idn-5b509c5b-83ee-4300-93a2-39c9f4ec87e1.png," [66, 73, 88, 23, 36, 57, 42, 22]","'66, 73, 88, 23, 36, 57, 42, 22'","[73, 66, 88, 23, 36, 57, 42, 22]",False,serif,#fee4b3,0.5,ecdda712-753e-41fe-85f9-7a403e33eb0d,3,8,512
5,1,1,5,binary_tree,Provide a single-line python list representing the in-order traversal of the binary tree.,'Provide a single-line python list representing the pre-order traversal of the binary tree.',images/binary_tree/bit_run-7_gen-1_var-1_fmt-7_thk-05_clr-eeeeee_fnt-sansserif_res-512_idn-5b509c5b-83ee-4300-93a2-39c9f4ec87e1.png," [66, 73, 88, 23, 36, 57, 42, 22]","'66, 73, 88, 23, 36, 57, 42, 22'","[73, 66, 88, 23, 36, 57, 42, 22]",False,serif,#fee4b3,0.5,ecdda712-753e-41fe-85f9-7a403e33eb0d,3,8,512
6,1,1,6,binary_tree,Provide a single-line python list representing the post-order traversal of the binary tree.,'Provide a single-line python list representing the pre-order traversal of the binary tree.',images/binary_tree/bit_run-7_gen-1_var-1_fmt-7_thk-05_clr-eeeeee_fnt-sansserif_res-512_idn-5b509c5b-83ee-4300-93a2-39c9f4ec87e1.png," [73, 66, 88, 23, 36, 57, 42, 22]","'73, 66, 88, 23, 36, 57, 42, 22'","[73, 66, 23, 88, 57, 22, 42, 36]",False,monospace,#fee4b3,0.5,d51bcb13-c137-47b6-a5fb-6768db2503e5,3,8,512
6,1,1,6,binary_tree,Provide a single-line python list representing the post-order traversal of the binary tree.,'Provide a single-line python list representing the pre-order traversal of the binary tree.',images/binary_tree/bit_run-7_gen-1_var-1_fmt-7_thk-05_clr-eeeeee_fnt-sansserif_res-512_idn-5b509c5b-83ee-4300-93a2-39c9f4ec87e1.png," [73, 66, 88, 23, 36, 57, 42, 22]","'73, 66, 88, 23, 36, 57, 42, 22'","[73, 66, 23, 88, 57, 22, 42, 36]",False,monospace,#fee4b3,0.5,d51bcb13-c137-47b6-a5fb-6768db2503e5,3,8,512
6,1,1,6,binary_tree,Provide a single-line python list representing the post-order traversal of the binary tree.,'Provide a single-line python list representing the pre-order traversal of the binary tree.',images/binary_tree/bit_run-7_gen-1_var-1_fmt-7_thk-05_clr-eeeeee_fnt-sansserif_res-512_idn-5b509c5b-83ee-4300-93a2-39c9f4ec87e1.png," [73, 66, 88, 23, 36, 57, 42, 22]","'73, 66, 88, 23, 36, 57, 42, 22'","[73, 66, 23, 88, 57, 22, 42, 36]",False,monospace,#fee4b3,0.5,d51bcb13-c137-47b6-a5fb-6768db2503e5,3,8,512
6,1,1,6,binary_tree,Provide a single-line python list representing the pre-order traversal of the binary tree.,'Provide a single-line python list representing the pre-order traversal of the binary tree.',images/binary_tree/bit_run-7_gen-1_var-1_fmt-7_thk-05_clr-eeeeee_fnt-sansserif_res-512_idn-5b509c5b-83ee-4300-93a2-39c9f4ec87e1.png," `[36, 88, 66, 73, 23, 42, 57, 22]`","'36, 88, 66, 73, 23, 42, 57, 22'","[36, 88, 66, 73, 23, 42, 57, 22]",True,monospace,#fee4b3,0.5,1bd15c46-7b10-4b4f-a5ae-ebdcfe47eb15,3,8,512
6,1,1,6,binary_tree,Provide a single-line python list representing the pre-order traversal of the binary tree.,'Provide a single-line python list representing the pre-order traversal of the binary tree.',images/binary_tree/bit_run-7_gen-1_var-1_fmt-7_thk-05_clr-eeeeee_fnt-sansserif_res-512_idn-5b509c5b-83ee-4300-93a2-39c9f4ec87e1.png," `[36, 88, 66, 73, 23, 42, 57, 22]`","'36, 88, 66, 73, 23, 42, 57, 22'","[36, 88, 66, 73, 23, 42, 57, 22]",True,monospace,#fee4b3,0.5,1bd15c46-7b10-4b4f-a5ae-ebdcfe47eb15,3,8,512
6,1,1,6,binary_tree,Provide a single-line python list representing the pre-order traversal of the binary tree.,'Provide a single-line python list representing the pre-order traversal of the binary tree.',images/binary_tree/bit_run-7_gen-1_var-1_fmt-7_thk-05_clr-eeeeee_fnt-sansserif_res-512_idn-5b509c5b-83ee-4300-93a2-39c9f4ec87e1.png," `[36, 88, 66, 73, 23, 42, 57, 22]`","'36, 88, 66, 73, 23, 42, 57, 22'","[36, 88, 66, 73, 23, 42, 57, 22]",True,monospace,#fee4b3,0.5,1bd15c46-7b10-4b4f-a5ae-ebdcfe47eb15,3,8,512
6,1,1,6,binary_tree,Provide a single-line python list representing the in-order traversal of the binary tree.,'Provide a single-line python list representing the pre-order traversal of the binary tree.',images/binary_tree/bit_run-7_gen-1_var-1_fmt-7_thk-05_clr-eeeeee_fnt-sansserif_res-512_idn-5b509c5b-83ee-4300-93a2-39c9f4ec87e1.png," `[66, 73, 88, 23, 36, 57, 42, 22]`","'66, 73, 88, 23, 36, 57, 42, 22'","[73, 66, 88, 23, 36, 57, 42, 22]",False,monospace,#fee4b3,0.5,08ca093a-4bfd-44a1-94ef-90eacf712240,3,8,512
6,1,1,6,binary_tree,Provide a single-line python list representing the in-order traversal of the binary tree.,'Provide a single-line python list representing the pre-order traversal of the binary tree.',images/binary_tree/bit_run-7_gen-1_var-1_fmt-7_thk-05_clr-eeeeee_fnt-sansserif_res-512_idn-5b509c5b-83ee-4300-93a2-39c9f4ec87e1.png," [66, 73, 88, 23, 36, 57, 42, 22]","'66, 73, 88, 23, 36, 57, 42, 22'","[73, 66, 88, 23, 36, 57, 42, 22]",False,monospace,#fee4b3,0.5,08ca093a-4bfd-44a1-94ef-90eacf712240,3,8,512
6,1,1,6,binary_tree,Provide a single-line python list representing the in-order traversal of the binary tree.,'Provide a single-line python list representing the pre-order traversal of the binary tree.',images/binary_tree/bit_run-7_gen-1_var-1_fmt-7_thk-05_clr-eeeeee_fnt-sansserif_res-512_idn-5b509c5b-83ee-4300-93a2-39c9f4ec87e1.png," `[66, 73, 88, 23, 36, 57, 42, 22]`","'66, 73, 88, 23, 36, 57, 42, 22'","[73, 66, 88, 23, 36, 57, 42, 22]",False,monospace,#fee4b3,0.5,08ca093a-4bfd-44a1-94ef-90eacf712240,3,8,512
7,1,1,7,binary_tree,Provide a single-line python list representing the post-order traversal of the binary tree.,'Provide a single-line python list representing the pre-order traversal of the binary tree.',images/binary_tree/bit_run-7_gen-1_var-1_fmt-7_thk-05_clr-eeeeee_fnt-sansserif_res-512_idn-5b509c5b-83ee-4300-93a2-39c9f4ec87e1.png," [73, 66, 88, 23, 36, 57, 42, 22]","'73, 66, 88, 23, 36, 57, 42, 22'","[73, 66, 23, 88, 57, 22, 42, 36]",False,sans-serif,#eeeeee,0.5,267dc578-1148-4219-b3ba-5c8cc5f3bd0c,3,8,512
7,1,1,7,binary_tree,Provide a single-line python list representing the post-order traversal of the binary tree.,'Provide a single-line python list representing the pre-order traversal of the binary tree.',images/binary_tree/bit_run-7_gen-1_var-1_fmt-7_thk-05_clr-eeeeee_fnt-sansserif_res-512_idn-5b509c5b-83ee-4300-93a2-39c9f4ec87e1.png," [73, 66, 88, 23, 36, 57, 42, 22]","'73, 66, 88, 23, 36, 57, 42, 22'","[73, 66, 23, 88, 57, 22, 42, 36]",False,sans-serif,#eeeeee,0.5,267dc578-1148-4219-b3ba-5c8cc5f3bd0c,3,8,512
7,1,1,7,binary_tree,Provide a single-line python list representing the post-order traversal of the binary tree.,'Provide a single-line python list representing the pre-order traversal of the binary tree.',images/binary_tree/bit_run-7_gen-1_var-1_fmt-7_thk-05_clr-eeeeee_fnt-sansserif_res-512_idn-5b509c5b-83ee-4300-93a2-39c9f4ec87e1.png," [73, 66, 88, 23, 36, 57, 42, 22]","'73, 66, 88, 23, 36, 57, 42, 22'","[73, 66, 23, 88, 57, 22, 42, 36]",False,sans-serif,#eeeeee,0.5,267dc578-1148-4219-b3ba-5c8cc5f3bd0c,3,8,512
7,1,1,7,binary_tree,Provide a single-line python list representing the pre-order traversal of the binary tree.,'Provide a single-line python list representing the pre-order traversal of the binary tree.',images/binary_tree/bit_run-7_gen-1_var-1_fmt-7_thk-05_clr-eeeeee_fnt-sansserif_res-512_idn-5b509c5b-83ee-4300-93a2-39c9f4ec87e1.png," [36, 88, 66, 73, 23, 42, 57, 22]","'36, 88, 66, 73, 23, 42, 57, 22'","[36, 88, 66, 73, 23, 42, 57, 22]",True,sans-serif,#eeeeee,0.5,8bdfd9c3-a687-4dc8-84fb-cd8efc5dc5d5,3,8,512
7,1,1,7,binary_tree,Provide a single-line python list representing the pre-order traversal of the binary tree.,'Provide a single-line python list representing the pre-order traversal of the binary tree.',images/binary_tree/bit_run-7_gen-1_var-1_fmt-7_thk-05_clr-eeeeee_fnt-sansserif_res-512_idn-5b509c5b-83ee-4300-93a2-39c9f4ec87e1.png," `[36, 88, 66, 73, 23, 42, 57, 22]`","'36, 88, 66, 73, 23, 42, 57, 22'","[36, 88, 66, 73, 23, 42, 57, 22]",True,sans-serif,#eeeeee,0.5,8bdfd9c3-a687-4dc8-84fb-cd8efc5dc5d5,3,8,512
7,1,1,7,binary_tree,Provide a single-line python list representing the pre-order traversal of the binary tree.,'Provide a single-line python list representing the pre-order traversal of the binary tree.',images/binary_tree/bit_run-7_gen-1_var-1_fmt-7_thk-05_clr-eeeeee_fnt-sansserif_res-512_idn-5b509c5b-83ee-4300-93a2-39c9f4ec87e1.png," `[36, 88, 66, 73, 23, 42, 57, 22]`","'36, 88, 66, 73, 23, 42, 57, 22'","[36, 88, 66, 73, 23, 42, 57, 22]",True,sans-serif,#eeeeee,0.5,8bdfd9c3-a687-4dc8-84fb-cd8efc5dc5d5,3,8,512
7,1,1,7,binary_tree,Provide a single-line python list representing the in-order traversal of the binary tree.,'Provide a single-line python list representing the post-order traversal of the binary tree.',images/binary_tree/bit_run-14_gen-1_var-1_fmt-14_thk-10_clr-fee4b3_fnt-serif_res-512_idn-c77a0197-c650-4287-ad33-8d541caae911.png," [66, 73, 88, 23, 36, 57, 42, 22]","'66, 73, 88, 23, 36, 57, 42, 22'","[73, 66, 88, 23, 36, 57, 42, 22]",False,sans-serif,#eeeeee,0.5,58ff7b79-ef57-454a-b814-93aafb1354ba,3,8,512
7,1,1,7,binary_tree,Provide a single-line python list representing the in-order traversal of the binary tree.,'Provide a single-line python list representing the post-order traversal of the binary tree.',images/binary_tree/bit_run-14_gen-1_var-1_fmt-14_thk-10_clr-fee4b3_fnt-serif_res-512_idn-c77a0197-c650-4287-ad33-8d541caae911.png," [66, 73, 88, 23, 36, 57, 42, 22]","'66, 73, 88, 23, 36, 57, 42, 22'","[73, 66, 88, 23, 36, 57, 42, 22]",False,sans-serif,#eeeeee,0.5,58ff7b79-ef57-454a-b814-93aafb1354ba,3,8,512
7,1,1,7,binary_tree,Provide a single-line python list representing the in-order traversal of the binary tree.,'Provide a single-line python list representing the post-order traversal of the binary tree.',images/binary_tree/bit_run-14_gen-1_var-1_fmt-14_thk-10_clr-fee4b3_fnt-serif_res-512_idn-c77a0197-c650-4287-ad33-8d541caae911.png," [66, 73, 88, 23, 36, 57, 42, 22]","'66, 73, 88, 23, 36, 57, 42, 22'","[73, 66, 88, 23, 36, 57, 42, 22]",False,sans-serif,#eeeeee,0.5,58ff7b79-ef57-454a-b814-93aafb1354ba,3,8,512
8,1,1,8,binary_tree,Provide a single-line python list representing the post-order traversal of the binary tree.,'Provide a single-line python list representing the post-order traversal of the binary tree.',images/binary_tree/bit_run-14_gen-1_var-1_fmt-14_thk-10_clr-fee4b3_fnt-serif_res-512_idn-c77a0197-c650-4287-ad33-8d541caae911.png," [73, 66, 88, 23, 36, 57, 42, 22]","'73, 66, 88, 23, 36, 57, 42, 22'","[73, 66, 23, 88, 57, 22, 42, 36]",False,serif,#eeeeee,0.5,87f6f30c-d2d7-4a49-a8e2-7efb2f697e59,3,8,512
8,1,1,8,binary_tree,Provide a single-line python list representing the post-order traversal of the binary tree.,'Provide a single-line python list representing the post-order traversal of the binary tree.',images/binary_tree/bit_run-14_gen-1_var-1_fmt-14_thk-10_clr-fee4b3_fnt-serif_res-512_idn-c77a0197-c650-4287-ad33-8d541caae911.png," [73, 66, 23, 88, 57, 22, 42, 36]","'73, 66, 23, 88, 57, 22, 42, 36'","[73, 66, 23, 88, 57, 22, 42, 36]",True,serif,#eeeeee,0.5,87f6f30c-d2d7-4a49-a8e2-7efb2f697e59,3,8,512
8,1,1,8,binary_tree,Provide a single-line python list representing the post-order traversal of the binary tree.,'Provide a single-line python list representing the post-order traversal of the binary tree.',images/binary_tree/bit_run-14_gen-1_var-1_fmt-14_thk-10_clr-fee4b3_fnt-serif_res-512_idn-c77a0197-c650-4287-ad33-8d541caae911.png," [73, 66, 88, 23, 36, 57, 42, 22]","'73, 66, 88, 23, 36, 57, 42, 22'","[73, 66, 23, 88, 57, 22, 42, 36]",False,serif,#eeeeee,0.5,87f6f30c-d2d7-4a49-a8e2-7efb2f697e59,3,8,512
8,1,1,8,binary_tree,Provide a single-line python list representing the pre-order traversal of the binary tree.,'Provide a single-line python list representing the post-order traversal of the binary tree.',images/binary_tree/bit_run-14_gen-1_var-1_fmt-14_thk-10_clr-fee4b3_fnt-serif_res-512_idn-c77a0197-c650-4287-ad33-8d541caae911.png," [36, 88, 66, 73, 23, 42, 57, 22]","'36, 88, 66, 73, 23, 42, 57, 22'","[36, 88, 66, 73, 23, 42, 57, 22]",True,serif,#eeeeee,0.5,90dd6a9e-a259-4f76-bbc8-ffcc6e0c6fda,3,8,512
8,1,1,8,binary_tree,Provide a single-line python list representing the pre-order traversal of the binary tree.,'Provide a single-line python list representing the post-order traversal of the binary tree.',images/binary_tree/bit_run-14_gen-1_var-1_fmt-14_thk-10_clr-fee4b3_fnt-serif_res-512_idn-c77a0197-c650-4287-ad33-8d541caae911.png," `[36, 88, 66, 73, 23, 42, 57, 22]`","'36, 88, 66, 73, 23, 42, 57, 22'","[36, 88, 66, 73, 23, 42, 57, 22]",True,serif,#eeeeee,0.5,90dd6a9e-a259-4f76-bbc8-ffcc6e0c6fda,3,8,512
8,1,1,8,binary_tree,Provide a single-line python list representing the pre-order traversal of the binary tree.,'Provide a single-line python list representing the post-order traversal of the binary tree.',images/binary_tree/bit_run-14_gen-1_var-1_fmt-14_thk-10_clr-fee4b3_fnt-serif_res-512_idn-c77a0197-c650-4287-ad33-8d541caae911.png," `[36, 88, 66, 73, 23, 42, 57, 22]`","'36, 88, 66, 73, 23, 42, 57, 22'","[36, 88, 66, 73, 23, 42, 57, 22]",True,serif,#eeeeee,0.5,90dd6a9e-a259-4f76-bbc8-ffcc6e0c6fda,3,8,512
8,1,1,8,binary_tree,Provide a single-line python list representing the in-order traversal of the binary tree.,'Provide a single-line python list representing the post-order traversal of the binary tree.',images/binary_tree/bit_run-14_gen-1_var-1_fmt-14_thk-10_clr-fee4b3_fnt-serif_res-512_idn-c77a0197-c650-4287-ad33-8d541caae911.png," [66, 73, 88, 23, 36, 57, 42, 22]","'66, 73, 88, 23, 36, 57, 42, 22'","[73, 66, 88, 23, 36, 57, 42, 22]",False,serif,#eeeeee,0.5,546a35d0-5c04-413c-b98d-ca2725dd20ef,3,8,512
8,1,1,8,binary_tree,Provide a single-line python list representing the in-order traversal of the binary tree.,'Provide a single-line python list representing the post-order traversal of the binary tree.',images/binary_tree/bit_run-14_gen-1_var-1_fmt-14_thk-10_clr-fee4b3_fnt-serif_res-512_idn-c77a0197-c650-4287-ad33-8d541caae911.png," [66, 73, 88, 23, 36, 57, 42, 22]","'66, 73, 88, 23, 36, 57, 42, 22'","[73, 66, 88, 23, 36, 57, 42, 22]",False,serif,#eeeeee,0.5,546a35d0-5c04-413c-b98d-ca2725dd20ef,3,8,512
8,1,1,8,binary_tree,Provide a single-line python list representing the in-order traversal of the binary tree.,'Provide a single-line python list representing the post-order traversal of the binary tree.',images/binary_tree/bit_run-14_gen-1_var-1_fmt-14_thk-10_clr-fee4b3_fnt-serif_res-512_idn-c77a0197-c650-4287-ad33-8d541caae911.png," [66, 73, 88, 23, 36, 57, 42, 22]","'66, 73, 88, 23, 36, 57, 42, 22'","[73, 66, 88, 23, 36, 57, 42, 22]",False,serif,#eeeeee,0.5,546a35d0-5c04-413c-b98d-ca2725dd20ef,3,8,512
9,1,1,9,binary_tree,Provide a single-line python list representing the post-order traversal of the binary tree.,'Provide a single-line python list representing the post-order traversal of the binary tree.',images/binary_tree/bit_run-14_gen-1_var-1_fmt-14_thk-10_clr-fee4b3_fnt-serif_res-512_idn-c77a0197-c650-4287-ad33-8d541caae911.png," [73, 66, 88, 23, 36, 57, 42, 22]","'73, 66, 88, 23, 36, 57, 42, 22'","[73, 66, 23, 88, 57, 22, 42, 36]",False,monospace,#eeeeee,0.5,cced050f-7bcd-41f8-80b6-e572fec3af86,3,8,512
9,1,1,9,binary_tree,Provide a single-line python list representing the post-order traversal of the binary tree.,'Provide a single-line python list representing the post-order traversal of the binary tree.',images/binary_tree/bit_run-14_gen-1_var-1_fmt-14_thk-10_clr-fee4b3_fnt-serif_res-512_idn-c77a0197-c650-4287-ad33-8d541caae911.png," [73, 66, 88, 23, 36, 57, 42, 22]","'73, 66, 88, 23, 36, 57, 42, 22'","[73, 66, 23, 88, 57, 22, 42, 36]",False,monospace,#eeeeee,0.5,cced050f-7bcd-41f8-80b6-e572fec3af86,3,8,512
9,1,1,9,binary_tree,Provide a single-line python list representing the post-order traversal of the binary tree.,'Provide a single-line python list representing the post-order traversal of the binary tree.',images/binary_tree/bit_run-14_gen-1_var-1_fmt-14_thk-10_clr-fee4b3_fnt-serif_res-512_idn-c77a0197-c650-4287-ad33-8d541caae911.png," [73, 66, 88, 23, 36, 57, 42, 22]","'73, 66, 88, 23, 36, 57, 42, 22'","[73, 66, 23, 88, 57, 22, 42, 36]",False,monospace,#eeeeee,0.5,cced050f-7bcd-41f8-80b6-e572fec3af86,3,8,512
9,1,1,9,binary_tree,Provide a single-line python list representing the pre-order traversal of the binary tree.,'Provide a single-line python list representing the post-order traversal of the binary tree.',images/binary_tree/bit_run-14_gen-1_var-1_fmt-14_thk-10_clr-fee4b3_fnt-serif_res-512_idn-c77a0197-c650-4287-ad33-8d541caae911.png," `[36, 88, 66, 73, 23, 42, 57, 22]`","'36, 88, 66, 73, 23, 42, 57, 22'","[36, 88, 66, 73, 23, 42, 57, 22]",True,monospace,#eeeeee,0.5,ef51307a-2594-4bee-8de5-2d92f81d7677,3,8,512
9,1,1,9,binary_tree,Provide a single-line python list representing the pre-order traversal of the binary tree.,'Provide a single-line python list representing the post-order traversal of the binary tree.',images/binary_tree/bit_run-14_gen-1_var-1_fmt-14_thk-10_clr-fee4b3_fnt-serif_res-512_idn-c77a0197-c650-4287-ad33-8d541caae911.png," `[36, 88, 66, 73, 23, 42, 57, 22]`","'36, 88, 66, 73, 23, 42, 57, 22'","[36, 88, 66, 73, 23, 42, 57, 22]",True,monospace,#eeeeee,0.5,ef51307a-2594-4bee-8de5-2d92f81d7677,3,8,512
